0.00,16.50,-1.20
1.85,16.42,1.15
-1.85,16.42,1.15
3.45,16.15,2.45
-3.45,16.15,2.45
4.92,15.65,3.80
-4.92,15.65,3.80
6.15,14.80,5.10
-6.15,14.80,5.10
7.05,13.60,6.25
-7.05,13.60,6.25
0.00,15.80,8.50
1.95,15.55,8.10
-1.95,15.55,8.10
4.10,14.70,7.30
-4.10,14.70,7.30
6.20,13.20,5.90
-6.20,13.20,5.90
7.85,11.20,3.80
-7.85,11.20,3.80
8.90,8.80,1.20
-8.90,8.80,1.20
9.20,6.10,-1.80
-9.20,6.10,-1.80
0.00,11.50,11.80
2.30,11.25,11.55
-2.30,11.25,11.55
4.45,10.60,10.70
-4.45,10.60,10.70
6.15,9.45,9.20
-6.15,9.45,9.20
7.30,7.90,7.10
-7.30,7.90,7.10
7.95,6.10,4.55
-7.95,6.10,4.55
0.00,6.50,12.80
1.60,6.45,12.75
-1.60,6.45,12.75
3.15,6.20,12.50
-3.15,6.20,12.50
4.50,5.75,12.00
-4.50,5.75,12.00
5.65,5.10,11.20
-5.65,5.10,11.20
6.50,4.20,10.20
-6.50,4.20,10.20
7.10,3.10,8.95
-7.10,3.10,8.95
0.00,3.50,13.20
1.20,3.45,13.15
-1.20,3.45,13.15
2.45,3.35,13.05
-2.45,3.35,13.05
3.75,3.20,12.85
-3.75,3.20,12.85
2.10,1.80,11.40
-2.10,1.80,11.40
4.20,1.65,10.80
-4.20,1.65,10.80
5.80,1.25,9.50
-5.80,1.25,9.50
0.00,0.50,14.80
1.10,0.45,14.70
-1.10,0.45,14.70
2.15,0.30,14.45
-2.15,0.30,14.45
0.00,-1.80,15.50
1.45,-1.90,15.35
-1.45,-1.90,15.35
2.80,-2.15,14.90
-2.80,-2.15,14.90
4.10,-2.55,14.15
-4.10,-2.55,14.15
5.25,-3.10,13.10
-5.25,-3.10,13.10
6.20,-3.80,11.75
-6.20,-3.80,11.75
0.00,-4.50,14.20
2.10,-4.65,14.05
-2.10,-4.65,14.05
4.15,-4.95,13.60
-4.15,-4.95,13.60
5.95,-5.40,12.75
-5.95,-5.40,12.75
7.45,-6.00,11.50
-7.45,-6.00,11.50
8.55,-6.75,9.85
-8.55,-6.75,9.85
0.00,-8.20,13.50
1.85,-8.35,13.35
-1.85,-8.35,13.35
3.65,-8.65,12.95
-3.65,-8.65,12.95
5.30,-9.10,12.15
-5.30,-9.10,12.15
6.75,-9.70,10.95
-6.75,-9.70,10.95
8.00,-10.45,9.35
-8.00,-10.45,9.35
8.95,-11.30,7.35
-8.95,-11.30,7.35
9.50,-12.30,5.00
-9.50,-12.30,5.00
0.00,-13.50,11.20
2.45,-13.70,10.90
-2.45,-13.70,10.90
4.80,-14.25,9.95
-4.80,-14.25,9.95
6.90,-15.15,8.35
-6.90,-15.15,8.35
8.60,-16.35,6.10
-8.60,-16.35,6.10
0.00,14.50,-8.50
3.20,14.30,-8.25
-3.20,14.30,-8.25
6.10,13.60,-7.55
-6.10,13.60,-7.55
8.40,12.40,-6.35
-8.40,12.40,-6.35
9.85,10.70,-4.65
-9.85,10.70,-4.65
10.50,8.50,-2.50
-10.50,8.50,-2.50
0.00,8.50,-11.80
4.15,8.25,-11.45
-4.15,8.25,-11.45
7.80,7.45,-10.40
-7.80,7.45,-10.40
10.45,6.10,-8.55
-10.45,6.10,-8.55
11.95,4.20,-5.90
-11.95,4.20,-5.90
12.50,1.80,-2.75
-12.50,1.80,-2.75
0.00,2.50,-13.20
4.85,2.15,-12.75
-4.85,2.15,-12.75
8.95,1.20,-11.35
-8.95,1.20,-11.35
11.80,-0.30,-9.05
-11.80,-0.30,-9.05
13.25,-2.25,-5.85
-13.25,-2.25,-5.85
0.00,-4.50,-12.50
4.55,-4.85,-12.05
-4.55,-4.85,-12.05
8.40,-5.85,-10.65
-8.40,-5.85,-10.65
11.15,-7.45,-8.30
-11.15,-7.45,-8.30
12.55,-9.50,-5.15
-12.55,-9.50,-5.15
0.00,-11.00,-9.80
3.85,-11.35,-9.35
-3.85,-11.35,-9.35
7.20,-12.35,-8.05
-7.20,-12.35,-8.05
9.65,-13.90,-5.80
-9.65,-13.90,-5.80
10.95,-15.95,-2.65
-10.95,-15.95,-2.65
